content/blog\ai-streaming-infra.md 16704242870596150597 1765055033 0 
content/blog\degree.md 7875768078684899413 1765062209 0 
content/blog\firstblog.md 7881351799049887519 1765057004 0 
content/blog\quic-protocol-optimizations.md 4545307144561839563 1765055018 0 
content/blog\sample-post.md 923199491392091017 1765049489 0 
content/blog\security-internships-notes.md 3814550237805192309 1765055049 0 
content/blog\something.md 681920270014021847 1765051569 0 
content/blog\table-test.md 11760699565861077395 1765049976 0 
content/blog\wip.md 14919235250364552574 1765051797 0 
content\about.md 0 0 1765056121 
content\index.md 0 0 1765081533 
content\projects.md 0 0 1765056155 
